  0.000000  1400.0000 101325.000000 
  0.000000  1400.0000 101325.000000 
  0.000000  1400.0000 101325.000000 
  0.000001  1400.0000 101325.000000 
  0.000001  1400.0000 101325.000000 
  0.000001  1400.0000 101325.000000 
  0.000001  1400.0000 101325.000000 
  0.000001  1400.0000 101325.000000 
  0.000001  1400.0000 101325.000000 
  0.000002  1400.0000 101325.000000 
  0.000002  1400.0000 101325.000000 
  0.000002  1400.0000 101325.000000 
  0.000002  1400.0000 101325.000000 
  0.000002  1400.0000 101325.000000 
  0.000002  1400.0000 101325.000000 
  0.000002  1400.0000 101325.000000 
  0.000003  1400.0000 101325.000000 
  0.000003  1400.0000 101325.000000 
  0.000003  1400.0000 101325.000000 
  0.000003  1400.0000 101325.000000 
  0.000003  1400.0000 101325.000000 
  0.000003  1400.0000 101325.000000 
  0.000003  1400.0000 101325.000000 
  0.000004  1400.0000 101325.000000 
  0.000004  1400.0000 101325.000000 
  0.000004  1400.0000 101325.000000 
  0.000004  1400.0000 101325.000000 
  0.000004  1400.0000 101325.000000 
  0.000004  1400.0001 101325.000000 
  0.000004  1400.0001 101325.000000 
  0.000005  1400.0001 101325.000000 
  0.000005  1400.0001 101325.000000 
  0.000005  1400.0001 101325.000000 
  0.000005  1400.0001 101325.000000 
  0.000005  1400.0001 101325.000000 
  0.000005  1400.0001 101325.000000 
  0.000006  1400.0001 101325.000000 
  0.000006  1400.0001 101325.000000 
  0.000006  1400.0001 101325.000000 
  0.000006  1400.0001 101325.000000 
  0.000006  1400.0001 101325.000000 
  0.000006  1400.0001 101325.000000 
  0.000006  1400.0002 101325.000000 
  0.000007  1400.0002 101325.000000 
  0.000007  1400.0002 101325.000000 
  0.000007  1400.0002 101325.000000 
  0.000007  1400.0002 101325.000000 
  0.000007  1400.0002 101325.000000 
  0.000007  1400.0002 101325.000000 
  0.000008  1400.0003 101325.000000 
  0.000008  1400.0003 101325.000000 
  0.000008  1400.0003 101325.000000 
  0.000008  1400.0003 101325.000000 
  0.000008  1400.0003 101325.000000 
  0.000008  1400.0003 101325.000000 
  0.000008  1400.0004 101325.000000 
  0.000009  1400.0004 101325.000000 
  0.000009  1400.0004 101325.000000 
  0.000009  1400.0004 101325.000000 
  0.000009  1400.0004 101325.000000 
  0.000009  1400.0005 101325.000000 
  0.000009  1400.0005 101325.000000 
  0.000009  1400.0005 101325.000000 
  0.000010  1400.0006 101325.000000 
  0.000010  1400.0006 101325.000000 
  0.000010  1400.0006 101325.000000 
  0.000010  1400.0006 101325.000000 
  0.000010  1400.0007 101325.000000 
  0.000010  1400.0007 101325.000000 
  0.000011  1400.0008 101325.000000 
  0.000011  1400.0008 101325.000000 
  0.000011  1400.0008 101325.000000 
  0.000011  1400.0009 101325.000000 
  0.000011  1400.0009 101325.000000 
  0.000011  1400.0010 101325.000000 
  0.000011  1400.0010 101325.000000 
  0.000012  1400.0011 101325.000000 
  0.000012  1400.0011 101325.000000 
  0.000012  1400.0012 101325.000000 
  0.000012  1400.0012 101325.000000 
  0.000012  1400.0013 101325.000000 
  0.000012  1400.0013 101325.000000 
  0.000012  1400.0014 101325.000000 
  0.000013  1400.0015 101325.000000 
  0.000013  1400.0015 101325.000000 
  0.000013  1400.0016 101325.000000 
  0.000013  1400.0017 101325.000000 
  0.000013  1400.0018 101325.000000 
  0.000013  1400.0019 101325.000000 
  0.000014  1400.0019 101325.000000 
  0.000014  1400.0020 101325.000000 
  0.000014  1400.0021 101325.000000 
  0.000014  1400.0022 101325.000000 
  0.000014  1400.0023 101325.000000 
  0.000014  1400.0024 101325.000000 
  0.000014  1400.0025 101325.000000 
  0.000015  1400.0027 101325.000000 
  0.000015  1400.0028 101325.000000 
  0.000015  1400.0029 101325.000000 
  0.000015  1400.0030 101325.000000 
  0.000015  1400.0032 101325.000000 
  0.000015  1400.0033 101325.000000 
  0.000015  1400.0035 101325.000000 
  0.000016  1400.0036 101325.000000 
  0.000016  1400.0038 101325.000000 
  0.000016  1400.0039 101325.000000 
  0.000016  1400.0041 101325.000000 
  0.000016  1400.0043 101325.000000 
  0.000016  1400.0045 101325.000000 
  0.000017  1400.0047 101325.000000 
  0.000017  1400.0049 101325.000000 
  0.000017  1400.0051 101325.000000 
  0.000017  1400.0053 101325.000000 
  0.000017  1400.0055 101325.000000 
  0.000017  1400.0058 101325.000000 
  0.000017  1400.0060 101325.000000 
  0.000018  1400.0063 101325.000000 
  0.000018  1400.0066 101325.000000 
  0.000018  1400.0068 101325.000000 
  0.000018  1400.0071 101325.000000 
  0.000018  1400.0074 101325.000000 
  0.000018  1400.0077 101325.000000 
  0.000018  1400.0081 101325.000000 
  0.000019  1400.0084 101325.000000 
  0.000019  1400.0088 101325.000000 
  0.000019  1400.0092 101325.000000 
  0.000019  1400.0095 101325.000000 
  0.000019  1400.0099 101325.000000 
  0.000019  1400.0104 101325.000000 
  0.000020  1400.0108 101325.000000 
  0.000020  1400.0113 101325.000000 
  0.000020  1400.0117 101325.000000 
  0.000020  1400.0122 101325.000000 
  0.000020  1400.0127 101325.000000 
  0.000020  1400.0133 101325.000000 
  0.000020  1400.0138 101325.000000 
  0.000021  1400.0144 101325.000000 
  0.000021  1400.0150 101325.000000 
  0.000021  1400.0157 101325.000000 
  0.000021  1400.0163 101325.000000 
  0.000021  1400.0170 101325.000000 
  0.000021  1400.0177 101325.000000 
  0.000021  1400.0184 101325.000000 
  0.000022  1400.0192 101325.000000 
  0.000022  1400.0200 101325.000000 
  0.000022  1400.0209 101325.000000 
  0.000022  1400.0217 101325.000000 
  0.000022  1400.0226 101325.000000 
  0.000022  1400.0236 101325.000000 
  0.000023  1400.0245 101325.000000 
  0.000023  1400.0256 101325.000000 
  0.000023  1400.0266 101325.000000 
  0.000023  1400.0277 101325.000000 
  0.000023  1400.0289 101325.000000 
  0.000023  1400.0301 101325.000000 
  0.000023  1400.0313 101325.000000 
  0.000024  1400.0326 101325.000000 
  0.000024  1400.0340 101325.000000 
  0.000024  1400.0354 101325.000000 
  0.000024  1400.0369 101325.000000 
  0.000024  1400.0384 101325.000000 
  0.000024  1400.0400 101325.000000 
  0.000024  1400.0416 101325.000000 
  0.000025  1400.0433 101325.000000 
  0.000025  1400.0451 101325.000000 
  0.000025  1400.0470 101325.000000 
  0.000025  1400.0489 101325.000000 
  0.000025  1400.0510 101325.000000 
  0.000025  1400.0531 101325.000000 
  0.000026  1400.0553 101325.000000 
  0.000026  1400.0575 101325.000000 
  0.000026  1400.0599 101325.000000 
  0.000026  1400.0624 101325.000000 
  0.000026  1400.0650 101325.000000 
  0.000026  1400.0676 101325.000000 
  0.000026  1400.0704 101325.000000 
  0.000027  1400.0733 101325.000000 
  0.000027  1400.0764 101325.000000 
  0.000027  1400.0795 101325.000000 
  0.000027  1400.0828 101325.000000 
  0.000027  1400.0862 101325.000000 
  0.000027  1400.0897 101325.000000 
  0.000027  1400.0934 101325.000000 
  0.000028  1400.0973 101325.000000 
  0.000028  1400.1013 101325.000000 
  0.000028  1400.1054 101325.000000 
  0.000028  1400.1098 101325.000000 
  0.000028  1400.1143 101325.000000 
  0.000028  1400.1190 101325.000000 
  0.000029  1400.1239 101325.000000 
  0.000029  1400.1290 101325.000000 
  0.000029  1400.1343 101325.000000 
  0.000029  1400.1398 101325.000000 
  0.000029  1400.1456 101325.000000 
  0.000029  1400.1515 101325.000000 
  0.000029  1400.1578 101325.000000 
  0.000030  1400.1643 101325.000000 
  0.000030  1400.1710 101325.000000 
  0.000030  1400.1781 101325.000000 
  0.000030  1400.1854 101325.000000 
  0.000030  1400.1930 101325.000000 
  0.000030  1400.2009 101325.000000 
  0.000030  1400.2092 101325.000000 
  0.000031  1400.2178 101325.000000 
  0.000031  1400.2267 101325.000000 
  0.000031  1400.2361 101325.000000 
  0.000031  1400.2458 101325.000000 
  0.000031  1400.2559 101325.000000 
  0.000031  1400.2664 101325.000000 
  0.000032  1400.2773 101325.000000 
  0.000032  1400.2887 101325.000000 
  0.000032  1400.3006 101325.000000 
  0.000032  1400.3130 101325.000000 
  0.000032  1400.3258 101325.000000 
  0.000032  1400.3392 101325.000000 
  0.000032  1400.3532 101325.000000 
  0.000033  1400.3677 101325.000000 
  0.000033  1400.3828 101325.000000 
  0.000033  1400.3986 101325.000000 
  0.000033  1400.4150 101325.000000 
  0.000033  1400.4321 101325.000000 
  0.000033  1400.4498 101325.000000 
  0.000033  1400.4683 101325.000000 
  0.000034  1400.4876 101325.000000 
  0.000034  1400.5077 101325.000000 
  0.000034  1400.5286 101325.000000 
  0.000034  1400.5503 101325.000000 
  0.000034  1400.5730 101325.000000 
  0.000034  1400.5965 101325.000000 
  0.000034  1400.6211 101325.000000 
  0.000035  1400.6467 101325.000000 
  0.000035  1400.6733 101325.000000 
  0.000035  1400.7010 101325.000000 
  0.000035  1400.7299 101325.000000 
  0.000035  1400.7599 101325.000000 
  0.000035  1400.7912 101325.000000 
  0.000036  1400.8238 101325.000000 
  0.000036  1400.8577 101325.000000 
  0.000036  1400.8930 101325.000000 
  0.000036  1400.9298 101325.000000 
  0.000036  1400.9681 101325.000000 
  0.000036  1401.0080 101325.000000 
  0.000036  1401.0495 101325.000000 
  0.000037  1401.0927 101325.000000 
  0.000037  1401.1377 101325.000000 
  0.000037  1401.1845 101325.000000 
  0.000037  1401.2333 101325.000000 
  0.000037  1401.2840 101325.000000 
  0.000037  1401.3369 101325.000000 
  0.000037  1401.3919 101325.000000 
  0.000038  1401.4491 101325.000000 
  0.000038  1401.5087 101325.000000 
  0.000038  1401.5707 101325.000000 
  0.000038  1401.6353 101325.000000 
  0.000038  1401.7025 101325.000000 
  0.000038  1401.7724 101325.000000 
  0.000039  1401.8451 101325.000000 
  0.000039  1401.9208 101325.000000 
  0.000039  1401.9996 101325.000000 
  0.000039  1402.0815 101325.000000 
  0.000039  1402.1667 101325.000000 
  0.000039  1402.2553 101325.000000 
  0.000039  1402.3475 101325.000000 
  0.000040  1402.4434 101325.000000 
  0.000040  1402.5431 101325.000000 
  0.000040  1402.6467 101325.000000 
  0.000040  1402.7545 101325.000000 
  0.000040  1402.8664 101325.000000 
  0.000040  1402.9828 101325.000000 
  0.000040  1403.1037 101325.000000 
  0.000041  1403.2293 101325.000000 
  0.000041  1403.3598 101325.000000 
  0.000041  1403.4953 101325.000000 
  0.000041  1403.6360 101325.000000 
  0.000041  1403.7820 101325.000000 
  0.000041  1403.9336 101325.000000 
  0.000042  1404.0909 101325.000000 
  0.000042  1404.2541 101325.000000 
  0.000042  1404.4234 101325.000000 
  0.000042  1404.5988 101325.000000 
  0.000042  1404.7808 101325.000000 
  0.000042  1404.9693 101325.000000 
  0.000042  1405.1646 101325.000000 
  0.000043  1405.3669 101325.000000 
  0.000043  1405.5764 101325.000000 
  0.000043  1405.7932 101325.000000 
  0.000043  1406.0175 101325.000000 
  0.000043  1406.2496 101325.000000 
  0.000043  1406.4895 101325.000000 
  0.000043  1406.7376 101325.000000 
  0.000044  1406.9939 101325.000000 
  0.000044  1407.2586 101325.000000 
  0.000044  1407.5319 101325.000000 
  0.000044  1407.8140 101325.000000 
  0.000044  1408.1050 101325.000000 
  0.000044  1408.4051 101325.000000 
  0.000045  1408.7144 101325.000000 
  0.000045  1409.0332 101325.000000 
  0.000045  1409.3614 101325.000000 
  0.000045  1409.6993 101325.000000 
  0.000045  1410.0471 101325.000000 
  0.000045  1410.4047 101325.000000 
  0.000045  1410.7723 101325.000000 
  0.000046  1411.1500 101325.000000 
  0.000046  1411.5380 101325.000000 
  0.000046  1411.9362 101325.000000 
  0.000046  1412.3448 101325.000000 
  0.000046  1412.7639 101325.000000 
  0.000046  1413.1934 101325.000000 
  0.000046  1413.6334 101325.000000 
  0.000047  1414.0840 101325.000000 
  0.000047  1414.5452 101325.000000 
  0.000047  1415.0170 101325.000000 
  0.000047  1415.4994 101325.000000 
  0.000047  1415.9924 101325.000000 
  0.000047  1416.4960 101325.000000 
  0.000048  1417.0101 101325.000000 
  0.000048  1417.5347 101325.000000 
  0.000048  1418.0697 101325.000000 
  0.000048  1418.6151 101325.000000 
  0.000048  1419.1708 101325.000000 
  0.000048  1419.7368 101325.000000 
  0.000048  1420.3129 101325.000000 
  0.000049  1420.8990 101325.000000 
  0.000049  1421.4950 101325.000000 
  0.000049  1422.1009 101325.000000 
  0.000049  1422.7164 101325.000000 
  0.000049  1423.3415 101325.000000 
  0.000049  1423.9760 101325.000000 
  0.000049  1424.6198 101325.000000 
  0.000050  1425.2726 101325.000000 
  0.000050  1425.9344 101325.000000 
  0.000050  1426.6050 101325.000000 
  0.000050  1427.2841 101325.000000 
  0.000050  1427.9717 101325.000000 
  0.000050  1428.6676 101325.000000 
  0.000051  1429.3715 101325.000000 
  0.000051  1430.0833 101325.000000 
  0.000051  1430.8028 101325.000000 
  0.000051  1431.5298 101325.000000 
  0.000051  1432.2640 101325.000000 
  0.000051  1433.0054 101325.000000 
  0.000051  1433.7537 101325.000000 
  0.000052  1434.5088 101325.000000 
  0.000052  1435.2703 101325.000000 
  0.000052  1436.0382 101325.000000 
  0.000052  1436.8122 101325.000000 
  0.000052  1437.5922 101325.000000 
  0.000052  1438.3779 101325.000000 
  0.000052  1439.1692 101325.000000 
  0.000053  1439.9658 101325.000000 
  0.000053  1440.7676 101325.000000 
  0.000053  1441.5744 101325.000000 
  0.000053  1442.3861 101325.000000 
  0.000053  1443.2024 101325.000000 
  0.000053  1444.0231 101325.000000 
  0.000054  1444.8482 101325.000000 
  0.000054  1445.6774 101325.000000 
  0.000054  1446.5105 101325.000000 
  0.000054  1447.3475 101325.000000 
  0.000054  1448.1881 101325.000000 
  0.000054  1449.0322 101325.000000 
  0.000054  1449.8797 101325.000000 
  0.000055  1450.7303 101325.000000 
  0.000055  1451.5841 101325.000000 
  0.000055  1452.4408 101325.000000 
  0.000055  1453.3003 101325.000000 
  0.000055  1454.1625 101325.000000 
  0.000055  1455.0273 101325.000000 
  0.000055  1455.8945 101325.000000 
  0.000056  1456.7641 101325.000000 
  0.000056  1457.6359 101325.000000 
  0.000056  1458.5099 101325.000000 
  0.000056  1459.3858 101325.000000 
  0.000056  1460.2638 101325.000000 
  0.000056  1461.1436 101325.000000 
  0.000057  1462.0252 101325.000000 
  0.000057  1462.9085 101325.000000 
  0.000057  1463.7934 101325.000000 
  0.000057  1464.6799 101325.000000 
  0.000057  1465.5678 101325.000000 
  0.000057  1466.4572 101325.000000 
  0.000057  1467.3480 101325.000000 
  0.000058  1468.2401 101325.000000 
  0.000058  1469.1335 101325.000000 
  0.000058  1470.0281 101325.000000 
  0.000058  1470.9239 101325.000000 
  0.000058  1471.8209 101325.000000 
  0.000058  1472.7189 101325.000000 
  0.000058  1473.6181 101325.000000 
  0.000059  1474.5183 101325.000000 
  0.000059  1475.4196 101325.000000 
  0.000059  1476.3218 101325.000000 
  0.000059  1477.2251 101325.000000 
  0.000059  1478.1294 101325.000000 
  0.000059  1479.0347 101325.000000 
  0.000060  1479.9409 101325.000000 
  0.000060  1480.8481 101325.000000 
  0.000060  1481.7563 101325.000000 
  0.000060  1482.6654 101325.000000 
  0.000060  1483.5755 101325.000000 
  0.000060  1484.4867 101325.000000 
  0.000060  1485.3988 101325.000000 
  0.000061  1486.3119 101325.000000 
  0.000061  1487.2260 101325.000000 
  0.000061  1488.1412 101325.000000 
  0.000061  1489.0575 101325.000000 
  0.000061  1489.9748 101325.000000 
  0.000061  1490.8932 101325.000000 
  0.000061  1491.8128 101325.000000 
  0.000062  1492.7336 101325.000000 
  0.000062  1493.6555 101325.000000 
  0.000062  1494.5787 101325.000000 
  0.000062  1495.5031 101325.000000 
  0.000062  1496.4289 101325.000000 
  0.000062  1497.3560 101325.000000 
  0.000063  1498.2844 101325.000000 
  0.000063  1499.2143 101325.000000 
  0.000063  1500.1457 101325.000000 
  0.000063  1501.0786 101325.000000 
  0.000063  1502.0130 101325.000000 
  0.000063  1502.9491 101325.000000 
  0.000063  1503.8868 101325.000000 
  0.000064  1504.8262 101325.000000 
  0.000064  1505.7674 101325.000000 
  0.000064  1506.7105 101325.000000 
  0.000064  1507.6554 101325.000000 
  0.000064  1508.6023 101325.000000 
  0.000064  1509.5512 101325.000000 
  0.000064  1510.5021 101325.000000 
  0.000065  1511.4552 101325.000000 
  0.000065  1512.4105 101325.000000 
  0.000065  1513.3680 101325.000000 
  0.000065  1514.3279 101325.000000 
  0.000065  1515.2902 101325.000000 
  0.000065  1516.2549 101325.000000 
  0.000066  1517.2222 101325.000000 
  0.000066  1518.1921 101325.000000 
  0.000066  1519.1647 101325.000000 
  0.000066  1520.1401 101325.000000 
  0.000066  1521.1183 101325.000000 
  0.000066  1522.0994 101325.000000 
  0.000066  1523.0836 101325.000000 
  0.000067  1524.0708 101325.000000 
  0.000067  1525.0612 101325.000000 
  0.000067  1526.0548 101325.000000 
  0.000067  1527.0518 101325.000000 
  0.000067  1528.0522 101325.000000 
  0.000067  1529.0562 101325.000000 
  0.000067  1530.0637 101325.000000 
  0.000068  1531.0750 101325.000000 
  0.000068  1532.0900 101325.000000 
  0.000068  1533.1089 101325.000000 
  0.000068  1534.1319 101325.000000 
  0.000068  1535.1589 101325.000000 
  0.000068  1536.1901 101325.000000 
  0.000069  1537.2255 101325.000000 
  0.000069  1538.2654 101325.000000 
  0.000069  1539.3098 101325.000000 
  0.000069  1540.3588 101325.000000 
  0.000069  1541.4124 101325.000000 
  0.000069  1542.4709 101325.000000 
  0.000069  1543.5344 101325.000000 
  0.000070  1544.6029 101325.000000 
  0.000070  1545.6766 101325.000000 
  0.000070  1546.7555 101325.000000 
  0.000070  1547.8399 101325.000000 
  0.000070  1548.9298 101325.000000 
  0.000070  1550.0253 101325.000000 
  0.000070  1551.1267 101325.000000 
  0.000071  1552.2339 101325.000000 
  0.000071  1553.3472 101325.000000 
  0.000071  1554.4667 101325.000000 
  0.000071  1555.5925 101325.000000 
  0.000071  1556.7248 101325.000000 
  0.000071  1557.8636 101325.000000 
  0.000072  1559.0092 101325.000000 
  0.000072  1560.1617 101325.000000 
  0.000072  1561.3212 101325.000000 
  0.000072  1562.4880 101325.000000 
  0.000072  1563.6620 101325.000000 
  0.000072  1564.8436 101325.000000 
  0.000072  1566.0329 101325.000000 
  0.000073  1567.2300 101325.000000 
  0.000073  1568.4352 101325.000000 
  0.000073  1569.6485 101325.000000 
  0.000073  1570.8702 101325.000000 
  0.000073  1572.1004 101325.000000 
  0.000073  1573.3393 101325.000000 
  0.000073  1574.5872 101325.000000 
  0.000074  1575.8442 101325.000000 
  0.000074  1577.1104 101325.000000 
  0.000074  1578.3862 101325.000000 
  0.000074  1579.6717 101325.000000 
  0.000074  1580.9671 101325.000000 
  0.000074  1582.2727 101325.000000 
  0.000075  1583.5886 101325.000000 
  0.000075  1584.9151 101325.000000 
  0.000075  1586.2524 101325.000000 
  0.000075  1587.6008 101325.000000 
  0.000075  1588.9604 101325.000000 
  0.000075  1590.3316 101325.000000 
  0.000075  1591.7146 101325.000000 
  0.000076  1593.1096 101325.000000 
  0.000076  1594.5170 101325.000000 
  0.000076  1595.9369 101325.000000 
  0.000076  1597.3698 101325.000000 
  0.000076  1598.8157 101325.000000 
  0.000076  1600.2751 101325.000000 
  0.000076  1601.7483 101325.000000 
  0.000077  1603.2356 101325.000000 
  0.000077  1604.7372 101325.000000 
  0.000077  1606.2535 101325.000000 
  0.000077  1607.7849 101325.000000 
  0.000077  1609.3316 101325.000000 
  0.000077  1610.8941 101325.000000 
  0.000078  1612.4727 101325.000000 
  0.000078  1614.0678 101325.000000 
  0.000078  1615.6797 101325.000000 
  0.000078  1617.3089 101325.000000 
  0.000078  1618.9558 101325.000000 
  0.000078  1620.6207 101325.000000 
  0.000078  1622.3042 101325.000000 
  0.000079  1624.0066 101325.000000 
  0.000079  1625.7284 101325.000000 
  0.000079  1627.4702 101325.000000 
  0.000079  1629.2322 101325.000000 
  0.000079  1631.0152 101325.000000 
  0.000079  1632.8196 101325.000000 
  0.000079  1634.6459 101325.000000 
  0.000080  1636.4946 101325.000000 
  0.000080  1638.3664 101325.000000 
  0.000080  1640.2618 101325.000000 
  0.000080  1642.1814 101325.000000 
  0.000080  1644.1259 101325.000000 
  0.000080  1646.0959 101325.000000 
  0.000081  1648.0921 101325.000000 
  0.000081  1650.1151 101325.000000 
  0.000081  1652.1656 101325.000000 
  0.000081  1654.2445 101325.000000 
  0.000081  1656.3525 101325.000000 
  0.000081  1658.4903 101325.000000 
  0.000081  1660.6588 101325.000000 
  0.000082  1662.8588 101325.000000 
  0.000082  1665.0912 101325.000000 
  0.000082  1667.3570 101325.000000 
  0.000082  1669.6571 101325.000000 
  0.000082  1671.9924 101325.000000 
  0.000082  1674.3640 101325.000000 
  0.000082  1676.7729 101325.000000 
  0.000083  1679.2203 101325.000000 
  0.000083  1681.7073 101325.000000 
  0.000083  1684.2351 101325.000000 
  0.000083  1686.8050 101325.000000 
  0.000083  1689.4182 101325.000000 
  0.000083  1692.0760 101325.000000 
  0.000084  1694.7800 101325.000000 
  0.000084  1697.5316 101325.000000 
  0.000084  1700.3322 101325.000000 
  0.000084  1703.1836 101325.000000 
  0.000084  1706.0873 101325.000000 
  0.000084  1709.0452 101325.000000 
  0.000084  1712.0590 101325.000000 
  0.000085  1715.1306 101325.000000 
  0.000085  1718.2622 101325.000000 
  0.000085  1721.4557 101325.000000 
  0.000085  1724.7135 101325.000000 
  0.000085  1728.0377 101325.000000 
  0.000085  1731.4309 101325.000000 
  0.000086  1734.8955 101325.000000 
  0.000086  1738.4343 101325.000000 
  0.000086  1742.0502 101325.000000 
  0.000086  1745.7460 101325.000000 
  0.000086  1749.5250 101325.000000 
  0.000086  1753.3904 101325.000000 
  0.000086  1757.3458 101325.000000 
  0.000087  1761.3949 101325.000000 
  0.000087  1765.5415 101325.000000 
  0.000087  1769.7899 101325.000000 
  0.000087  1774.1445 101325.000000 
  0.000087  1778.6098 101325.000000 
  0.000087  1783.1909 101325.000000 
  0.000087  1787.8930 101325.000000 
  0.000088  1792.7218 101325.000000 
  0.000088  1797.6832 101325.000000 
  0.000088  1802.7835 101325.000000 
  0.000088  1808.0296 101325.000000 
  0.000088  1813.4288 101325.000000 
  0.000088  1818.9887 101325.000000 
  0.000089  1824.7177 101325.000000 
  0.000089  1830.6247 101325.000000 
  0.000089  1836.7191 101325.000000 
  0.000089  1843.0114 101325.000000 
  0.000089  1849.5123 101325.000000 
  0.000089  1856.2339 101325.000000 
  0.000089  1863.1886 101325.000000 
  0.000090  1870.3904 101325.000000 
  0.000090  1877.8537 101325.000000 
  0.000090  1885.5946 101325.000000 
  0.000090  1893.6301 101325.000000 
  0.000090  1901.9784 101325.000000 
  0.000090  1910.6594 101325.000000 
  0.000090  1919.6941 101325.000000 
  0.000091  1929.1053 101325.000000 
  0.000091  1938.9170 101325.000000 
  0.000091  1949.1550 101325.000000 
  0.000091  1959.8461 101325.000000 
  0.000091  1971.0188 101325.000000 
  0.000091  1982.7022 101325.000000 
  0.000092  1994.9259 101325.000000 
  0.000092  2007.7194 101325.000000 
  0.000092  2021.1109 101325.000000 
  0.000092  2035.1258 101325.000000 
  0.000092  2049.7850 101325.000000 
  0.000092  2065.1023 101325.000000 
  0.000092  2081.0812 101325.000000 
  0.000093  2097.7102 101325.000000 
  0.000093  2114.9586 101325.000000 
  0.000093  2132.7697 101325.000000 
  0.000093  2151.0548 101325.000000 
  0.000093  2169.6859 101325.000000 
  0.000093  2188.4898 101325.000000 
  0.000093  2207.2433 101325.000000 
  0.000094  2225.6732 101325.000000 
  0.000094  2243.4614 101325.000000 
  0.000094  2260.2593 101325.000000 
  0.000094  2275.7124 101325.000000 
  0.000094  2289.4955 101325.000000 
  0.000094  2301.3562 101325.000000 
  0.000095  2311.1573 101325.000000 
  0.000095  2318.9070 101325.000000 
  0.000095  2324.7634 101325.000000 
  0.000095  2329.0081 101325.000000 
  0.000095  2331.9924 101325.000000 
  0.000095  2334.0747 101325.000000 
  0.000095  2335.5697 101325.000000 
  0.000096  2336.7202 101325.000000 
  0.000096  2337.6933 101325.000000 
  0.000096  2338.5926 101325.000000 
  0.000096  2339.4761 101325.000000 
  0.000096  2340.3720 101325.000000 
  0.000096  2341.2919 101325.000000 
  0.000096  2342.2384 101325.000000 
  0.000097  2343.2099 101325.000000 
  0.000097  2344.2031 101325.000000 
  0.000097  2345.2143 101325.000000 
  0.000097  2346.2399 101325.000000 
  0.000097  2347.2766 101325.000000 
  0.000097  2348.3216 101325.000000 
  0.000098  2349.3727 101325.000000 
  0.000098  2350.4277 101325.000000 
  0.000098  2351.4851 101325.000000 
  0.000098  2352.5435 101325.000000 
  0.000098  2353.6017 101325.000000 
  0.000098  2354.6587 101325.000000 
  0.000098  2355.7138 101325.000000 
  0.000099  2356.7664 101325.000000 
  0.000099  2357.8159 101325.000000 
  0.000099  2358.8619 101325.000000 
  0.000099  2359.9040 101325.000000 
  0.000099  2360.9418 101325.000000 
  0.000099  2361.9752 101325.000000 
  0.000099  2363.0039 101325.000000 
  0.000100  2364.0277 101325.000000 
  0.000100  2365.0465 101325.000000 
  0.000100  2366.0602 101325.000000 
  0.000100  2367.0687 101325.000000 
  0.000100  2368.0718 101325.000000 
  0.000100  2369.0696 101325.000000 
  0.000101  2370.0620 101325.000000 
  0.000101  2371.0489 101325.000000 
  0.000101  2372.0303 101325.000000 
  0.000101  2373.0062 101325.000000 
  0.000101  2373.9766 101325.000000 
  0.000101  2374.9415 101325.000000 
  0.000101  2375.9010 101325.000000 
  0.000102  2376.8549 101325.000000 
  0.000102  2377.8033 101325.000000 
  0.000102  2378.7463 101325.000000 
  0.000102  2379.6839 101325.000000 
  0.000102  2380.6161 101325.000000 
  0.000102  2381.5429 101325.000000 
  0.000102  2382.4645 101325.000000 
  0.000103  2383.3807 101325.000000 
  0.000103  2384.2917 101325.000000 
  0.000103  2385.1976 101325.000000 
  0.000103  2386.0983 101325.000000 
  0.000103  2386.9939 101325.000000 
  0.000103  2387.8845 101325.000000 
  0.000104  2388.7701 101325.000000 
  0.000104  2389.6508 101325.000000 
  0.000104  2390.5266 101325.000000 
  0.000104  2391.3976 101325.000000 
  0.000104  2392.2638 101325.000000 
  0.000104  2393.1254 101325.000000 
  0.000104  2393.9823 101325.000000 
  0.000105  2394.8346 101325.000000 
  0.000105  2395.6824 101325.000000 
  0.000105  2396.5258 101325.000000 
  0.000105  2397.3647 101325.000000 
  0.000105  2398.1993 101325.000000 
  0.000105  2399.0296 101325.000000 
  0.000105  2399.8557 101325.000000 
  0.000106  2400.6776 101325.000000 
  0.000106  2401.4954 101325.000000 
  0.000106  2402.3091 101325.000000 
  0.000106  2403.1189 101325.000000 
  0.000106  2403.9247 101325.000000 
  0.000106  2404.7266 101325.000000 
  0.000107  2405.5247 101325.000000 
  0.000107  2406.3190 101325.000000 
  0.000107  2407.1096 101325.000000 
  0.000107  2407.8965 101325.000000 
  0.000107  2408.6797 101325.000000 
  0.000107  2409.4595 101325.000000 
  0.000107  2410.2356 101325.000000 
  0.000108  2411.0083 101325.000000 
  0.000108  2411.7776 101325.000000 
  0.000108  2412.5435 101325.000000 
  0.000108  2413.3061 101325.000000 
  0.000108  2414.0654 101325.000000 
  0.000108  2414.8215 101325.000000 
  0.000108  2415.5743 101325.000000 
  0.000109  2416.3240 101325.000000 
  0.000109  2417.0706 101325.000000 
  0.000109  2417.8141 101325.000000 
  0.000109  2418.5546 101325.000000 
  0.000109  2419.2921 101325.000000 
  0.000109  2420.0267 101325.000000 
  0.000110  2420.7584 101325.000000 
  0.000110  2421.4871 101325.000000 
  0.000110  2422.2131 101325.000000 
  0.000110  2422.9362 101325.000000 
  0.000110  2423.6566 101325.000000 
  0.000110  2424.3742 101325.000000 
  0.000110  2425.0891 101325.000000 
  0.000111  2425.8014 101325.000000 
  0.000111  2426.5110 101325.000000 
  0.000111  2427.2181 101325.000000 
  0.000111  2427.9225 101325.000000 
  0.000111  2428.6244 101325.000000 
  0.000111  2429.3238 101325.000000 
  0.000111  2430.0207 101325.000000 
  0.000112  2430.7152 101325.000000 
  0.000112  2431.4072 101325.000000 
  0.000112  2432.0969 101325.000000 
  0.000112  2432.7841 101325.000000 
  0.000112  2433.4690 101325.000000 
  0.000112  2434.1516 101325.000000 
  0.000113  2434.8318 101325.000000 
  0.000113  2435.5098 101325.000000 
  0.000113  2436.1856 101325.000000 
  0.000113  2436.8591 101325.000000 
  0.000113  2437.5304 101325.000000 
  0.000113  2438.1995 101325.000000 
  0.000113  2438.8664 101325.000000 
  0.000114  2439.5312 101325.000000 
  0.000114  2440.1938 101325.000000 
  0.000114  2440.8544 101325.000000 
  0.000114  2441.5129 101325.000000 
  0.000114  2442.1693 101325.000000 
  0.000114  2442.8236 101325.000000 
  0.000114  2443.4759 101325.000000 
  0.000115  2444.1262 101325.000000 
  0.000115  2444.7745 101325.000000 
  0.000115  2445.4209 101325.000000 
  0.000115  2446.0652 101325.000000 
  0.000115  2446.7077 101325.000000 
  0.000115  2447.3482 101325.000000 
  0.000116  2447.9867 101325.000000 
  0.000116  2448.6234 101325.000000 
  0.000116  2449.2582 101325.000000 
  0.000116  2449.8911 101325.000000 
  0.000116  2450.5222 101325.000000 
  0.000116  2451.1514 101325.000000 
  0.000116  2451.7789 101325.000000 
  0.000117  2452.4044 101325.000000 
  0.000117  2453.0282 101325.000000 
  0.000117  2453.6503 101325.000000 
  0.000117  2454.2705 101325.000000 
  0.000117  2454.8890 101325.000000 
  0.000117  2455.5057 101325.000000 
  0.000117  2456.1207 101325.000000 
  0.000118  2456.7339 101325.000000 
  0.000118  2457.3455 101325.000000 
  0.000118  2457.9553 101325.000000 
  0.000118  2458.5635 101325.000000 
  0.000118  2459.1700 101325.000000 
  0.000118  2459.7748 101325.000000 
  0.000119  2460.3780 101325.000000 
  0.000119  2460.9795 101325.000000 
  0.000119  2461.5794 101325.000000 
  0.000119  2462.1776 101325.000000 
  0.000119  2462.7742 101325.000000 
  0.000119  2463.3693 101325.000000 
  0.000119  2463.9627 101325.000000 
  0.000120  2464.5545 101325.000000 
  0.000120  2465.1448 101325.000000 
  0.000120  2465.7335 101325.000000 
  0.000120  2466.3206 101325.000000 
  0.000120  2466.9062 101325.000000 
  0.000120  2467.4903 101325.000000 
  0.000120  2468.0728 101325.000000 
  0.000121  2468.6538 101325.000000 
  0.000121  2469.2333 101325.000000 
  0.000121  2469.8112 101325.000000 
  0.000121  2470.3877 101325.000000 
  0.000121  2470.9627 101325.000000 
  0.000121  2471.5362 101325.000000 
  0.000122  2472.1082 101325.000000 
  0.000122  2472.6787 101325.000000 
  0.000122  2473.2478 101325.000000 
  0.000122  2473.8155 101325.000000 
  0.000122  2474.3816 101325.000000 
  0.000122  2474.9464 101325.000000 
  0.000122  2475.5097 101325.000000 
  0.000123  2476.0716 101325.000000 
  0.000123  2476.6321 101325.000000 
  0.000123  2477.1912 101325.000000 
  0.000123  2477.7489 101325.000000 
  0.000123  2478.3051 101325.000000 
  0.000123  2478.8600 101325.000000 
  0.000123  2479.4135 101325.000000 
  0.000124  2479.9657 101325.000000 
  0.000124  2480.5164 101325.000000 
  0.000124  2481.0658 101325.000000 
  0.000124  2481.6139 101325.000000 
  0.000124  2482.1606 101325.000000 
  0.000124  2482.7059 101325.000000 
  0.000125  2483.2499 101325.000000 
  0.000125  2483.7926 101325.000000 
  0.000125  2484.3340 101325.000000 
  0.000125  2484.8740 101325.000000 
  0.000125  2485.4127 101325.000000 
  0.000125  2485.9501 101325.000000 
  0.000125  2486.4863 101325.000000 
  0.000126  2487.0211 101325.000000 
  0.000126  2487.5546 101325.000000 
  0.000126  2488.0868 101325.000000 
  0.000126  2488.6178 101325.000000 
  0.000126  2489.1475 101325.000000 
  0.000126  2489.6759 101325.000000 
  0.000126  2490.2031 101325.000000 
  0.000127  2490.7290 101325.000000 
  0.000127  2491.2536 101325.000000 
  0.000127  2491.7770 101325.000000 
  0.000127  2492.2992 101325.000000 
  0.000127  2492.8201 101325.000000 
  0.000127  2493.3398 101325.000000 
  0.000128  2493.8583 101325.000000 
  0.000128  2494.3755 101325.000000 
  0.000128  2494.8916 101325.000000 
  0.000128  2495.4064 101325.000000 
  0.000128  2495.9200 101325.000000 
  0.000128  2496.4324 101325.000000 
  0.000128  2496.9436 101325.000000 
  0.000129  2497.4537 101325.000000 
  0.000129  2497.9625 101325.000000 
  0.000129  2498.4702 101325.000000 
  0.000129  2498.9766 101325.000000 
  0.000129  2499.4819 101325.000000 
  0.000129  2499.9861 101325.000000 
  0.000129  2500.4891 101325.000000 
  0.000130  2500.9909 101325.000000 
  0.000130  2501.4915 101325.000000 
  0.000130  2501.9910 101325.000000 
  0.000130  2502.4894 101325.000000 
  0.000130  2502.9866 101325.000000 
  0.000130  2503.4827 101325.000000 
  0.000131  2503.9777 101325.000000 
  0.000131  2504.4715 101325.000000 
  0.000131  2504.9642 101325.000000 
  0.000131  2505.4558 101325.000000 
  0.000131  2505.9463 101325.000000 
  0.000131  2506.4356 101325.000000 
  0.000131  2506.9239 101325.000000 
  0.000132  2507.4110 101325.000000 
  0.000132  2507.8971 101325.000000 
  0.000132  2508.3820 101325.000000 
  0.000132  2508.8659 101325.000000 
  0.000132  2509.3487 101325.000000 
  0.000132  2509.8303 101325.000000 
  0.000132  2510.3110 101325.000000 
  0.000133  2510.7905 101325.000000 
  0.000133  2511.2690 101325.000000 
  0.000133  2511.7464 101325.000000 
  0.000133  2512.2227 101325.000000 
  0.000133  2512.6980 101325.000000 
  0.000133  2513.1722 101325.000000 
  0.000134  2513.6454 101325.000000 
  0.000134  2514.1175 101325.000000 
  0.000134  2514.5886 101325.000000 
  0.000134  2515.0587 101325.000000 
  0.000134  2515.5277 101325.000000 
  0.000134  2515.9956 101325.000000 
  0.000134  2516.4626 101325.000000 
  0.000135  2516.9285 101325.000000 
  0.000135  2517.3934 101325.000000 
  0.000135  2517.8573 101325.000000 
  0.000135  2518.3202 101325.000000 
  0.000135  2518.7820 101325.000000 
  0.000135  2519.2429 101325.000000 
  0.000135  2519.7027 101325.000000 
  0.000136  2520.1615 101325.000000 
  0.000136  2520.6194 101325.000000 
  0.000136  2521.0762 101325.000000 
  0.000136  2521.5321 101325.000000 
  0.000136  2521.9870 101325.000000 
  0.000136  2522.4409 101325.000000 
  0.000137  2522.8938 101325.000000 
  0.000137  2523.3457 101325.000000 
  0.000137  2523.7967 101325.000000 
  0.000137  2524.2467 101325.000000 
  0.000137  2524.6957 101325.000000 
  0.000137  2525.1438 101325.000000 
  0.000137  2525.5909 101325.000000 
  0.000138  2526.0370 101325.000000 
  0.000138  2526.4822 101325.000000 
  0.000138  2526.9265 101325.000000 
  0.000138  2527.3698 101325.000000 
  0.000138  2527.8121 101325.000000 
  0.000138  2528.2536 101325.000000 
  0.000138  2528.6940 101325.000000 
  0.000139  2529.1336 101325.000000 
  0.000139  2529.5722 101325.000000 
  0.000139  2530.0099 101325.000000 
  0.000139  2530.4466 101325.000000 
  0.000139  2530.8825 101325.000000 
  0.000139  2531.3174 101325.000000 
  0.000140  2531.7514 101325.000000 
  0.000140  2532.1845 101325.000000 
  0.000140  2532.6166 101325.000000 
  0.000140  2533.0479 101325.000000 
  0.000140  2533.4783 101325.000000 
  0.000140  2533.9077 101325.000000 
  0.000140  2534.3363 101325.000000 
  0.000141  2534.7640 101325.000000 
  0.000141  2535.1908 101325.000000 
  0.000141  2535.6167 101325.000000 
  0.000141  2536.0417 101325.000000 
  0.000141  2536.4658 101325.000000 
  0.000141  2536.8890 101325.000000 
  0.000141  2537.3114 101325.000000 
  0.000142  2537.7329 101325.000000 
  0.000142  2538.1535 101325.000000 
  0.000142  2538.5732 101325.000000 
  0.000142  2538.9921 101325.000000 
  0.000142  2539.4101 101325.000000 
  0.000142  2539.8273 101325.000000 
  0.000143  2540.2436 101325.000000 
  0.000143  2540.6590 101325.000000 
  0.000143  2541.0736 101325.000000 
  0.000143  2541.4873 101325.000000 
  0.000143  2541.9002 101325.000000 
  0.000143  2542.3123 101325.000000 
  0.000143  2542.7235 101325.000000 
  0.000144  2543.1338 101325.000000 
  0.000144  2543.5433 101325.000000 
  0.000144  2543.9520 101325.000000 
  0.000144  2544.3599 101325.000000 
  0.000144  2544.7669 101325.000000 
  0.000144  2545.1731 101325.000000 
  0.000144  2545.5785 101325.000000 
  0.000145  2545.9831 101325.000000 
  0.000145  2546.3868 101325.000000 
  0.000145  2546.7897 101325.000000 
  0.000145  2547.1918 101325.000000 
  0.000145  2547.5931 101325.000000 
  0.000145  2547.9936 101325.000000 
  0.000146  2548.3933 101325.000000 
  0.000146  2548.7922 101325.000000 
  0.000146  2549.1902 101325.000000 
  0.000146  2549.5875 101325.000000 
  0.000146  2549.9840 101325.000000 
  0.000146  2550.3797 101325.000000 
  0.000146  2550.7746 101325.000000 
  0.000147  2551.1687 101325.000000 
  0.000147  2551.5620 101325.000000 
  0.000147  2551.9545 101325.000000 
  0.000147  2552.3462 101325.000000 
  0.000147  2552.7372 101325.000000 
  0.000147  2553.1274 101325.000000 
  0.000147  2553.5168 101325.000000 
  0.000148  2553.9055 101325.000000 
  0.000148  2554.2933 101325.000000 
  0.000148  2554.6804 101325.000000 
  0.000148  2555.0668 101325.000000 
  0.000148  2555.4523 101325.000000 
  0.000148  2555.8371 101325.000000 
  0.000149  2556.2212 101325.000000 
  0.000149  2556.6045 101325.000000 
  0.000149  2556.9870 101325.000000 
  0.000149  2557.3688 101325.000000 
  0.000149  2557.7499 101325.000000 
  0.000149  2558.1301 101325.000000 
  0.000149  2558.5097 101325.000000 
  0.000150  2558.8885 101325.000000 
  0.000150  2559.2665 101325.000000 
  0.000150  2559.6439 101325.000000 
  0.000150  2560.0204 101325.000000 
